105.0000000000	104.0000000000	108.0000000000	
107.0000000000	107.4641016151	108.0000000000	
107.0000000000	107.4641016151	110.0000000000	
105.0000000000	104.0000000000	110.0000000000	
#

105.0000000000	104.0000000000	108.0000000000	
103.0000880013	107.4640508076	108.0000000000	
103.0000880013	107.4640508076	110.0000000000	
105.0000000000	104.0000000000	110.0000000000	
#

105.0000000000	104.0000000000	108.0000000000	
101.0000880013	103.9999491924	108.0000000000	
101.0000880013	103.9999491924	110.0000000000	
105.0000000000	104.0000000000	110.0000000000	
#

105.0000000000	104.0000000000	108.0000000000	
103.0000000000	100.5358983849	108.0000000000	
103.0000000000	100.5358983849	110.0000000000	
105.0000000000	104.0000000000	110.0000000000	
#

105.0000000000	104.0000000000	108.0000000000	
106.9999119987	100.5359491924	108.0000000000	
106.9999119987	100.5359491924	110.0000000000	
105.0000000000	104.0000000000	110.0000000000	
#

105.0000000000	104.0000000000	108.0000000000	
108.9999119987	104.0000508076	108.0000000000	
108.9999119987	104.0000508076	110.0000000000	
105.0000000000	104.0000000000	110.0000000000	
#

105.0000000000	104.0000000000	108.0000000000	
107.0000000000	107.4641016151	108.0000000000	
107.0000000000	107.4641016151	110.0000000000	
105.0000000000	104.0000000000	110.0000000000	
#

