95.0000000000	96.0000000000	108.0000000000	
97.0000000000	99.4641016151	108.0000000000	
97.0000000000	99.4641016151	110.0000000000	
95.0000000000	96.0000000000	110.0000000000	
#

95.0000000000	96.0000000000	108.0000000000	
93.0000880013	99.4640508076	108.0000000000	
93.0000880013	99.4640508076	110.0000000000	
95.0000000000	96.0000000000	110.0000000000	
#

95.0000000000	96.0000000000	108.0000000000	
91.0000880013	95.9999491924	108.0000000000	
91.0000880013	95.9999491924	110.0000000000	
95.0000000000	96.0000000000	110.0000000000	
#

95.0000000000	96.0000000000	108.0000000000	
93.0000000000	92.5358983849	108.0000000000	
93.0000000000	92.5358983849	110.0000000000	
95.0000000000	96.0000000000	110.0000000000	
#

95.0000000000	96.0000000000	108.0000000000	
96.9999119987	92.5359491924	108.0000000000	
96.9999119987	92.5359491924	110.0000000000	
95.0000000000	96.0000000000	110.0000000000	
#

95.0000000000	96.0000000000	108.0000000000	
98.9999119987	96.0000508076	108.0000000000	
98.9999119987	96.0000508076	110.0000000000	
95.0000000000	96.0000000000	110.0000000000	
#

95.0000000000	96.0000000000	108.0000000000	
97.0000000000	99.4641016151	108.0000000000	
97.0000000000	99.4641016151	110.0000000000	
95.0000000000	96.0000000000	110.0000000000	
#

