90.1547494450	117.2012149897	6.0000000000	
86.3959789619	115.8331344164	6.0000000000	
86.3959789619	115.8331344164	8.0000000000	
90.1547494450	117.2012149897	8.0000000000	
#

90.1547494450	117.2012149897	6.0000000000	
89.4601219799	113.2620794646	6.0000000000	
89.4601219799	113.2620794646	8.0000000000	
90.1547494450	117.2012149897	8.0000000000	
#

90.1547494450	117.2012149897	6.0000000000	
93.2188924631	114.6301600379	6.0000000000	
93.2188924631	114.6301600379	8.0000000000	
90.1547494450	117.2012149897	8.0000000000	
#

90.1547494450	117.2012149897	6.0000000000	
93.9135199282	118.5692955630	6.0000000000	
93.9135199282	118.5692955630	8.0000000000	
90.1547494450	117.2012149897	8.0000000000	
#

90.1547494450	117.2012149897	6.0000000000	
90.8493769101	121.1403505147	6.0000000000	
90.8493769101	121.1403505147	8.0000000000	
90.1547494450	117.2012149897	8.0000000000	
#

90.1547494450	117.2012149897	6.0000000000	
87.0906064270	119.7722699414	6.0000000000	
87.0906064270	119.7722699414	8.0000000000	
90.1547494450	117.2012149897	8.0000000000	
#

90.1547494450	117.2012149897	6.0000000000	
86.3959789619	115.8331344164	6.0000000000	
86.3959789619	115.8331344164	8.0000000000	
90.1547494450	117.2012149897	8.0000000000	
#

