89.8532125490	122.9113157063	3.0000000000	
91.2212931223	119.1525452231	6.0000000000	
81.8243669144	115.7323437899	6.0000000000	
80.4562863411	119.4911142730	3.0000000000	
#

89.8532125490	122.9113157063	3.0000000000	
88.4851319757	126.6700861894	6.0000000000	
79.0882057678	123.2498847562	6.0000000000	
80.4562863411	119.4911142730	3.0000000000	
#

89.8532125490	122.9113157063	3.0000000000	
88.4851319757	126.6700861894	0.0000000000	
79.0882057678	123.2498847562	0.0000000000	
80.4562863411	119.4911142730	3.0000000000	
#

89.8532125490	122.9113157063	3.0000000000	
91.2212931223	119.1525452231	0.0000000000	
81.8243669144	115.7323437899	0.0000000000	
80.4562863411	119.4911142730	3.0000000000	
#

89.8532125490	122.9113157063	3.0000000000	
91.2212931223	119.1525452231	6.0000000000	
81.8243669144	115.7323437899	6.0000000000	
80.4562863411	119.4911142730	3.0000000000	
#

